RUNNING THE L-BFGS-B CODE

it    = iteration number
nf    = number of function evaluations
nseg  = number of segments explored during the Cauchy search
nact  = number of active bounds at the generalized Cauchy point
sub   = manner in which the subspace minimization terminated:
        con = converged, bnd = a bound was reached
itls  = number of iterations performed in the line search
stepl = step length used
tstep = norm of the displacement (total step)
projg = norm of the projected gradient
f     = function value

           * * *

Machine precision = 2.220D-16
 N =           13     M =           10

   it   nf  nseg  nact  sub  itls  stepl    tstep     projg        f
    0    1     -     -   -     -     -        -     1.684D+01  9.811D+01
    1    5     1     0  ---    3  1.9D-01  4.0D+00  2.775D+01  2.513D+01
    2    7     0     0  con    1  2.8D-01  1.1D+00  5.010D+01  1.194D+01
    3    9     0     0  con    1  3.0D-01  1.2D+00  2.679D+01 -2.172D+01
    4   11     0     0  con    1  5.2D-01  5.3D-01  1.136D+01 -2.977D+01
    5   12     0     0  con    0  1.0D+00  4.1D-01  1.877D+01 -3.445D+01
    6   13     0     0  con    0  1.0D+00  5.3D-01  1.153D+01 -3.907D+01
    7   14     0     0  con    0  1.0D+00  5.6D-01  8.446D+00 -4.211D+01
    8   15     0     0  con    0  1.0D+00  8.1D-01  1.211D+01 -4.392D+01
    9   16     0     0  con    0  1.0D+00  8.0D-01  1.267D+01 -4.741D+01
   10   17     0     0  con    0  1.0D+00  1.8D+00  1.250D+01 -5.273D+01
   11   19     0     0  con    1  4.8D-01  7.7D-01  2.988D+00 -5.399D+01
   12   20     0     0  con    0  1.0D+00  4.7D-01  2.379D+00 -5.438D+01
   13   21     0     0  con    0  1.0D+00  9.1D-01  6.055D-01 -5.489D+01
   14   22     0     0  con    0  1.0D+00  5.2D-01  3.754D-01 -5.498D+01
   15   23     0     0  con    0  1.0D+00  3.0D-01  1.184D-01 -5.500D+01
   16   24     0     0  con    0  1.0D+00  2.0D-01  2.629D-01 -5.501D+01
   17   25     0     0  con    0  1.0D+00  2.7D-01  2.176D-01 -5.502D+01
   18   26     0     0  con    0  1.0D+00  2.8D-01  6.275D-01 -5.503D+01
   19   27     0     0  con    0  1.0D+00  2.8D-01  2.003D-01 -5.505D+01
   20   28     0     0  con    0  1.0D+00  1.9D-01  1.023D-01 -5.506D+01
   21   29     0     0  con    0  1.0D+00  2.6D-01  4.613D-02 -5.507D+01
   22   31     0     0  con    1  1.1D-01  1.4D-02  6.620D-02 -5.507D+01
   23   32     0     0  con    0  1.0D+00  2.5D-02  2.766D-02 -5.507D+01
   24   33     0     0  con    0  1.0D+00  1.1D-02  3.269D-02 -5.507D+01
   25   34     0     0  con    0  1.0D+00  6.5D-02  7.260D-02 -5.508D+01
   26   35     0     0  con    0  1.0D+00  9.8D-02  1.346D-01 -5.508D+01
   27   36     0     0  con    0  1.0D+00  2.3D-01  1.758D-01 -5.508D+01
   28   38     0     0  con    1  1.7D-01  9.2D-02  2.890D-01 -5.508D+01
   29   39     0     0  con    0  1.0D+00  2.8D-01  1.441D-01 -5.509D+01
   30   41     0     0  con    1  5.0D-01  7.6D-02  2.522D-01 -5.509D+01
   31   42     0     0  con    0  1.0D+00  8.6D-02  5.937D-02 -5.509D+01
   32   43     0     0  con    0  1.0D+00  4.5D-02  8.452D-03 -5.509D+01
   33   44     0     0  con    0  1.0D+00  1.9D-02  7.854D-03 -5.509D+01
   34   45     0     0  con    0  1.0D+00  6.5D-03  7.671D-03 -5.509D+01
   35   46     0     0  con    0  1.0D+00  4.5D-02  1.549D-02 -5.509D+01
   36   48     0     0  con    1  3.6D-01  2.8D-02  5.178D-02 -5.509D+01
   37   49     0     0  con    0  1.0D+00  3.2D-02  4.190D-02 -5.509D+01
   38   50     0     0  con    0  1.0D+00  2.1D-01  1.957D-02 -5.509D+01
   39   52     0     0  con    1  4.2D-01  7.3D-02  3.503D-02 -5.509D+01
   40   53     0     0  con    0  1.0D+00  8.1D-02  4.196D-02 -5.509D+01
   41   54     0     0  con    0  1.0D+00  3.0D-02  4.877D-02 -5.509D+01
   42   55     0     0  con    0  1.0D+00  1.7D-02  1.702D-02 -5.509D+01
   43   56     0     0  con    0  1.0D+00  7.5D-03  8.488D-03 -5.509D+01
   44   57     0     0  con    0  1.0D+00  5.2D-03  5.023D-03 -5.509D+01
   45   58     0     0  con    0  1.0D+00  4.6D-03  5.785D-03 -5.509D+01
   46   59     0     0  con    0  1.0D+00  4.7D-03  1.457D-02 -5.509D+01
   47   60     0     0  con    0  1.0D+00  6.5D-03  2.329D-02 -5.509D+01
   48   61     0     0  con    0  1.0D+00  1.2D-02  4.079D-02 -5.509D+01
   49   62     0     0  con    0  1.0D+00  2.2D-02  3.424D-02 -5.509D+01
   50   63     0     0  con    0  1.0D+00  4.0D-02  5.395D-02 -5.509D+01
   51   64     0     0  con    0  1.0D+00  8.1D-03  1.346D-02 -5.509D+01
   52   65     0     0  con    0  1.0D+00  7.2D-03  3.379D-03 -5.509D+01
   53   66     0     0  con    0  1.0D+00  3.9D-03  3.195D-03 -5.509D+01
   54   68     0     0  con    1  4.9D-01  1.3D-03  1.354D-02 -5.509D+01
   55   69     0     0  con    0  1.0D+00  1.7D-03  1.117D-02 -5.509D+01
   56   70     0     0  con    0  1.0D+00  6.3D-03  1.195D-02 -5.509D+01
   57   71     0     0  con    0  1.0D+00  1.1D-02  2.133D-02 -5.509D+01
   58   72     0     0  con    0  1.0D+00  1.9D-02  2.563D-02 -5.509D+01
   59   73     0     0  con    0  1.0D+00  2.1D-02  2.764D-02 -5.509D+01
   60   74     0     0  con    0  1.0D+00  2.1D-02  2.155D-02 -5.509D+01
   61   75     0     0  con    0  1.0D+00  1.6D-02  1.159D-02 -5.509D+01
   62   76     0     0  con    0  1.0D+00  8.2D-03  1.349D-02 -5.509D+01
   63   77     0     0  con    0  1.0D+00  1.2D-02  1.742D-02 -5.509D+01
   64   78     0     0  con    0  1.0D+00  9.7D-03  8.847D-03 -5.509D+01
   65   79     0     0  con    0  1.0D+00  9.4D-03  3.271D-02 -5.509D+01
   66   80     0     0  con    0  1.0D+00  3.6D-03  4.181D-03 -5.509D+01
   67   81     0     0  con    0  1.0D+00  1.9D-03  5.342D-03 -5.509D+01
   68   82     0     0  con    0  1.0D+00  1.9D-03  1.045D-02 -5.509D+01
   69   83     0     0  con    0  1.0D+00  5.4D-03  1.858D-02 -5.509D+01
   70   84     0     0  con    0  1.0D+00  8.6D-03  2.248D-02 -5.509D+01
   71   86     0     0  con    1  3.8D-01  8.3D-03  1.747D-02 -5.509D+01
   72   87     0     0  con    0  1.0D+00  6.0D-03  8.519D-03 -5.509D+01
   73   88     0     0  con    0  1.0D+00  2.7D-03  2.153D-03 -5.509D+01
   74   89     0     0  con    0  1.0D+00  2.4D-03  6.862D-03 -5.509D+01
   75   90     0     0  con    0  1.0D+00  2.3D-03  1.138D-02 -5.509D+01
   76   91     0     0  con    0  1.0D+00  7.0D-03  1.972D-02 -5.509D+01
   77   92     0     0  con    0  1.0D+00  1.3D-02  2.488D-02 -5.509D+01
   78   93     0     0  con    0  1.0D+00  2.5D-02  6.566D-02 -5.509D+01
   79   94     0     0  con    0  1.0D+00  1.2D-02  2.843D-02 -5.509D+01
   80   95     0     0  con    0  1.0D+00  5.4D-03  5.935D-03 -5.509D+01
   81   96     0     0  con    0  1.0D+00  5.3D-03  5.893D-03 -5.509D+01
   82   97     0     0  con    0  1.0D+00  3.1D-03  5.852D-03 -5.509D+01
   83   98     0     0  con    0  1.0D+00  1.6D-02  1.291D-02 -5.509D+01
   84   99     0     0  con    0  1.0D+00  6.0D-03  3.120D-03 -5.509D+01
   85  100     0     0  con    0  1.0D+00  2.8D-03  3.886D-03 -5.509D+01
   86  101     0     0  con    0  1.0D+00  3.8D-03  4.640D-03 -5.509D+01
   87  102     0     0  con    0  1.0D+00  4.2D-03  7.364D-03 -5.509D+01
   88  103     0     0  con    0  1.0D+00  7.4D-03  8.885D-03 -5.509D+01
   89  104     0     0  con    0  1.0D+00  2.9D-02  1.270D-02 -5.509D+01
   90  105     0     0  con    0  1.0D+00  2.0D-02  5.079D-02 -5.509D+01
   91  106     0     0  con    0  1.0D+00  4.7D-03  1.672D-02 -5.509D+01
   92  107     0     0  con    0  1.0D+00  1.1D-02  7.071D-03 -5.509D+01
   93  108     0     0  con    0  1.0D+00  1.4D-02  1.190D-02 -5.509D+01
   94  109     0     0  con    0  1.0D+00  2.6D-02  1.295D-02 -5.509D+01
   95  110     0     0  con    0  1.0D+00  5.9D-02  1.880D-02 -5.509D+01
   96  112     0     0  con    1  4.8D-01  3.2D-02  2.528D-02 -5.509D+01
   97  113     0     0  con    0  1.0D+00  6.8D-02  1.576D-02 -5.509D+01
   98  115     0     0  con    1  5.2D-01  8.7D-03  6.735D-03 -5.509D+01
   99  116     0     0  con    0  1.0D+00  1.3D-02  2.574D-03 -5.509D+01
  100  117     0     0  con    0  1.0D+00  9.7D-03  2.338D-03 -5.509D+01
  101  118     0     0  con    0  1.0D+00  5.9D-03  7.934D-03 -5.509D+01
